function mpc = dispatchable
%DISPATCHABLE

%% MATPOWER Case Format : Version 2
mpc.version = '2';

%%-----  Power Flow Data  -----%%
%% system MVA base
mpc.baseMVA = 100;

%% bus data
%	bus_i	type	Pd	Qd	Gs	Bs	area	Vm	Va	baseKV	zone	Vmax	Vmin
mpc.bus = [
	1	2	0	0	0	0	1	1	0	138	1	1.05	0.95;
	2	2	0	0	0	0	1	1	0	138	1	1.05	0.95;
	3	1	0	0	0	0	1	1	0	138	1	1.05	0.95;
	4	1	0	0	0	0	1	1	0	138	1	1.05	0.95;
	5	1	0	0	0	0	1	1	0	138	1	1.05	0.95;
	6	1	0	0	0	-100	2	1	0	138	1	1.05	0.95;
	7	2	0	0	0	0	2	1	0	138	1	1.05	0.95;
	8	1	0	0	0	0	2	1	0	138	1	1.05	0.95;
	9	1	0	0	0	0	1	1	0	138	1	1.05	0.95;
	10	1	0	0	0	0	2	1	0	138	1	1.05	0.95;
	11	1	0	0	0	0	3	1	0	230	1	1.05	0.95;
	12	1	0	0	0	0	3	1	0	230	1	1.05	0.95;
	13	3	0	0	0	0	3	1	0	230	1	1.05	0.95;
	14	2	0	0	0	0	3	1	0	230	1	1.05	0.95;
	15	2	0	0	0	0	4	1	0	230	1	1.05	0.95;
	16	2	0	0	0	0	4	1	0	230	1	1.05	0.95;
	17	1	0	0	0	0	4	1	0	230	1	1.05	0.95;
	18	2	0	0	0	0	4	1	0	230	1	1.05	0.95;
	19	1	0	0	0	0	3	1	0	230	1	1.05	0.95;
	20	1	0	0	0	0	3	1	0	230	1	1.05	0.95;
	21	2	0	0	0	0	4	1	0	230	1	1.05	0.95;
	22	2	0	0	0	0	4	1	0	230	1	1.05	0.95;
	23	2	0	0	0	0	3	1	0	230	1	1.05	0.95;
	24	1	0	0	0	0	4	1	0	230	1	1.05	0.95;
];

%% generator data
%	bus	Pg	Qg	Qmax	Qmin	Vg	mBase	status	Pmax	Pmin	Pc1	Pc2	Qc1min	Qc1max	Qc2min	Qc2max	ramp_agc	ramp_10	ramp_30	ramp_q	apf
mpc.gen = [
	1	10	0	10	0	1.035	100	1	20	16	0	0	0	0	0	0	0	0	0	0	0;
	1	10	0	10	0	1.035	100	1	20	16	0	0	0	0	0	0	0	0	0	0	0;
	1	76	0	30	-25	1.035	100	1	76	15.2	0	0	0	0	0	0	0	0	0	0	0;
	1	76	0	30	-25	1.035	100	1	76	15.2	0	0	0	0	0	0	0	0	0	0	0;
	2	10	0	10	0	1.035	100	1	20	16	0	0	0	0	0	0	0	0	0	0	0;
	2	10	0	10	0	1.035	100	1	20	16	0	0	0	0	0	0	0	0	0	0	0;
	2	76	0	30	-25	1.035	100	1	76	15.2	0	0	0	0	0	0	0	0	0	0	0;
	2	76	0	30	-25	1.035	100	1	76	15.2	0	0	0	0	0	0	0	0	0	0	0;
	7	80	0	60	0	1.025	100	0	0	25	0	0	0	0	0	0	0	0	0	0	0;
	7	80	0	60	0	1.025	100	1	100	25	0	0	0	0	0	0	0	0	0	0	0;
	7	80	0	60	0	1.025	100	1	100	25	0	0	0	0	0	0	0	0	0	0	0;
	13	95.1	0	80	0	1.02	100	0	0	69	0	0	0	0	0	0	0	0	0	0	0;
	13	95.1	0	80	0	1.02	100	1	197	69	0	0	0	0	0	0	0	0	0	0	0;
	13	95.1	0	80	0	1.02	100	1	197	69	0	0	0	0	0	0	0	0	0	0	0;
	14	0	35.3	200	-50	0.98	100	0	0	0	0	0	0	0	0	0	0	0	0	0	0;
	15	12	0	6	0	1.014	100	1	12	2.4	0	0	0	0	0	0	0	0	0	0	0;
	15	12	0	6	0	1.014	100	1	12	2.4	0	0	0	0	0	0	0	0	0	0	0;
	15	12	0	6	0	1.014	100	1	12	2.4	0	0	0	0	0	0	0	0	0	0	0;
	15	12	0	6	0	1.014	100	1	12	2.4	0	0	0	0	0	0	0	0	0	0	0;
	15	12	0	6	0	1.014	100	1	12	2.4	0	0	0	0	0	0	0	0	0	0	0;
	15	155	0	80	-50	1.014	100	1	155	54.3	0	0	0	0	0	0	0	0	0	0	0;
	16	155	0	80	-50	1.017	100	1	155	54.3	0	0	0	0	0	0	0	0	0	0	0;
	18	400	0	200	-50	1.05	100	0	0	100	0	0	0	0	0	0	0	0	0	0	0;
	21	400	0	200	-50	1.05	100	1	400	100	0	0	0	0	0	0	0	0	0	0	0;
	22	50	0	16	-10	1.05	100	1	50	10	0	0	0	0	0	0	0	0	0	0	0;
	22	50	0	16	-10	1.05	100	1	50	10	0	0	0	0	0	0	0	0	0	0	0;
	22	50	0	16	-10	1.05	100	1	50	10	0	0	0	0	0	0	0	0	0	0	0;
	22	50	0	16	-10	1.05	100	1	50	10	0	0	0	0	0	0	0	0	0	0	0;
	22	50	0	16	-10	1.05	100	1	50	10	0	0	0	0	0	0	0	0	0	0	0;
	22	50	0	16	-10	1.05	100	1	50	10	0	0	0	0	0	0	0	0	0	0	0;
	23	155	0	80	-50	1.05	100	1	155	54.3	0	0	0	0	0	0	0	0	0	0	0;
	23	155	0	80	-50	1.05	100	1	155	54.3	0	0	0	0	0	0	0	0	0	0	0;
	23	350	0	150	-25	1.05	100	1	350	140	0	0	0	0	0	0	0	0	0	0	0;
	15	0	0	0	0	0	0	1	17.4458812	0	0	0	0	0	0	0	0	0	0	0	0;
	1	-68.891472	-22	0	-22	1	100	1	0	-68.891472	0	0	0	0	0	0	Inf	Inf	Inf	Inf	0;
	2	-61.874748	-20	0	-20	1	100	1	0	-61.874748	0	0	0	0	0	0	Inf	Inf	Inf	Inf	0;
	3	-114.81912	-37	0	-37	1	100	1	0	-114.81912	0	0	0	0	0	0	Inf	Inf	Inf	Inf	0;
	4	-47.203416	-15	0	-15	1	100	1	0	-47.203416	0	0	0	0	0	0	Inf	Inf	Inf	Inf	0;
	5	-45.289764	-14	0	-14	1	100	1	0	-45.289764	0	0	0	0	0	0	Inf	Inf	Inf	Inf	0;
	6	-86.752224	-28	0	-28	1	100	1	0	-86.752224	0	0	0	0	0	0	Inf	Inf	Inf	Inf	0;
	7	-79.7355	-25	0	-25	1	100	1	0	-79.7355	0	0	0	0	0	0	Inf	Inf	Inf	Inf	0;
	8	-109.078164	-35	0	-35	1	100	1	0	-109.078164	0	0	0	0	0	0	Inf	Inf	Inf	Inf	0;
	9	-111.6297	-36	0	-36	1	100	1	0	-111.6297	0	0	0	0	0	0	Inf	Inf	Inf	Inf	0;
	10	-124.38738	-40	0	-40	1	100	1	0	-124.38738	0	0	0	0	0	0	Inf	Inf	Inf	Inf	0;
	13	-169.03926	-54	0	-54	1	100	1	0	-169.03926	0	0	0	0	0	0	Inf	Inf	Inf	Inf	0;
	14	-123.749496	-39	0	-39	1	100	1	0	-123.749496	0	0	0	0	0	0	Inf	Inf	Inf	Inf	0;
	15	-202.209228	-64	0	-64	1	100	1	0	-202.209228	0	0	0	0	0	0	Inf	Inf	Inf	Inf	0;
	16	-63.7884	-20	0	-20	1	100	1	0	-63.7884	0	0	0	0	0	0	Inf	Inf	Inf	Inf	0;
	18	-212.415372	-68	0	-68	1	100	1	0	-212.415372	0	0	0	0	0	0	Inf	Inf	Inf	Inf	0;
	19	-115.457004	-37	0	-37	1	100	1	0	-115.457004	0	0	0	0	0	0	Inf	Inf	Inf	Inf	0;
	20	-81.649152	-26	0	-26	1	100	1	0	-81.649152	0	0	0	0	0	0	Inf	Inf	Inf	Inf	0;
];

%% branch data
%	fbus	tbus	r	x	b	rateA	rateB	rateC	ratio	angle	status	angmin	angmax
mpc.branch = [
	1	2	0.0026	0.0139	0.4611	311.281257	250	200	0	0	1	-360	360;
	1	3	0.0546	0.2112	0.0572	311.281257	208	220	0	0	1	-360	360;
	1	5	0.0218	0.0845	0.0229	311.281257	208	220	0	0	1	-360	360;
	2	4	0.0328	0.1267	0.0343	311.281257	208	220	0	0	1	-360	360;
	2	6	0.0497	0.192	0.052	311.281257	208	220	0	0	1	-360	360;
	3	9	0.0308	0.119	0.0322	311.281257	208	220	0	0	1	-360	360;
	3	24	0.0023	0.0839	0	400	510	600	1.03	0	1	-360	360;
	4	9	0.0268	0.1037	0.0281	311.281257	208	220	0	0	1	-360	360;
	5	10	0.0228	0.0883	0.0239	311.281257	208	220	0	0	1	-360	360;
	6	10	0.0139	0.0605	2.459	311.281257	193	200	0	0	1	-360	360;
	7	8	0.0159	0.0614	0.0166	311.281257	208	220	0	0	1	-360	360;
	8	9	0.0427	0.1651	0.0447	311.281257	208	220	0	0	1	-360	360;
	8	10	0.0427	0.1651	0.0447	311.281257	208	220	0	0	1	-360	360;
	9	11	0.0023	0.0839	0	400	510	600	1.03	0	1	-360	360;
	9	12	0.0023	0.0839	0	400	510	600	1.03	0	1	-360	360;
	10	11	0.0023	0.0839	0	400	510	600	1.02	0	1	-360	360;
	10	12	0.0023	0.0839	0	400	510	600	1.02	0	1	-360	360;
	11	13	0.0061	0.0476	0.0999	518.802095	600	625	0	0	1	-360	360;
	11	14	0.0054	0.0418	0.0879	518.802095	625	625	0	0	1	-360	360;
	12	13	0.0061	0.0476	0.0999	518.802095	625	625	0	0	1	-360	360;
	12	23	0.0124	0.0966	0.203	518.802095	625	625	0	0	1	-360	360;
	13	23	0.0111	0.0865	0.1818	518.802095	625	625	0	0	1	-360	360;
	14	16	0.005	0.0389	0.0818	518.802095	625	625	0	0	1	-360	360;
	15	16	0.0022	0.0173	0.0364	518.802095	600	625	0	0	1	-360	360;
	15	21	0.0063	0.049	0.103	518.802095	600	625	0	0	1	-360	360;
	15	21	0.0063	0.049	0.103	518.802095	600	625	0	0	1	-360	360;
	15	24	0.0067	0.0519	0.1091	518.802095	600	625	0	0	1	-360	360;
	16	17	0.0033	0.0259	0.0545	518.802095	600	625	0	0	1	-360	360;
	16	19	0.003	0.0231	0.0485	518.802095	600	625	0	0	1	-360	360;
	17	18	0.0018	0.0144	0.0303	518.802095	600	625	0	0	1	-360	360;
	17	22	0.0135	0.1053	0.2212	518.802095	600	625	0	0	1	-360	360;
	18	21	0.0033	0.0259	0.0545	518.802095	600	625	0	0	1	-360	360;
	18	21	0.0033	0.0259	0.0545	518.802095	600	625	0	0	1	-360	360;
	19	20	0.0051	0.0396	0.0833	518.802095	600	625	0	0	1	-360	360;
	19	20	0.0051	0.0396	0.0833	518.802095	600	625	0	0	1	-360	360;
	20	23	0.0028	0.0216	0.0455	518.802095	600	625	0	0	1	-360	360;
	20	23	0.0028	0.0216	0.0455	518.802095	600	625	0	0	1	-360	360;
	21	22	0.0087	0.0678	0.1424	518.802095	600	625	0	0	1	-360	360;
];

%%-----  OPF Data  -----%%
%% generator cost data
%	1	startup	shutdown	n	x1	y1	...	xn	yn
%	2	startup	shutdown	n	c(n-1)	...	c0
